243.000000
156.624999
178.500000
318.375000
256.833000
166.583000
51.957999
341.125000
154.834001
221.875000
142.917001
312.708000
194.166001
164.999999
241.541000
182.084001
216.042001
143.541001
304.875000
260.458999
161.750000
185.416000
177.874999
190.708000
214.374999
124.333001
147.917001
165.834001
267.583000
218.667001
164.458999
193.083000
193.958002
204.332999
205.208000
96.750000
93.082999
254.125000
125.708000
176.250000
148.042001
110.958999
174.042001
222.084000
218.000001
153.084000
211.125000
175.584000
234.750001
194.916000
212.667001
202.416000
187.084001
205.542001
268.958000
147.457999
154.916999
314.749999
218.874999
194.958000
188.417000
238.000001
129.875001
160.333000
262.207999
142.875000
223.166000
204.833001
214.874999
233.750001
259.000000
112.250000
214.291000
189.209000
136.041999
161.208000
130.667000
216.625000
221.666000
219.625001
246.500000
192.083999
211.417000
216.375000
206.250001
221.999999
189.333001
309.917001
146.917000
231.459000
175.292000
306.833001
197.375000
223.292000
364.292000
145.541999
278.834001
173.250000
158.583000
204.500000
215.500000
217.500001
278.125000
239.542000
130.541999
175.416000
241.165999
196.667001
169.000001
225.457999
220.541999
86.166001
229.915999
197.625001
214.083000
241.917000
182.291000
243.917000
218.583000
237.750000
216.458000
248.708000
215.542001
241.666001
247.665999
269.624999
229.333000
240.208001
209.374999
261.749999
305.417001
190.917001
243.875000
232.375000
285.375001
15.542000
263.041999
110.833000
285.249998
218.708001
278.334001
185.249999
263.708000
202.166000
237.583001
204.042000
213.667001
261.792000
239.458001
215.165999
261.166000
279.124999
208.083000
275.833001
275.417000
182.042000
273.500000
275.625000
274.833999
287.084000
305.750000
269.541999
209.083000
281.207998
228.082999
217.375000
250.749999
269.250000
266.833000
255.874998
287.458000
173.667000
266.458001
204.917000
273.167001
258.666001
286.834000
301.291000
221.374999
284.458001
196.583000
287.833001
220.875001
264.332999
301.167000
272.207999
254.375000
297.541001
281.791999
249.125000
309.458001
370.584001
286.375001
237.124999
318.625001
289.915999
301.915999
305.042000
234.042000
279.750000
321.708001
317.041000
322.416001
313.167000
200.208000
296.791000
287.167000
303.500001
308.082999
181.333000
296.291000
308.875000
293.625000
275.542001
318.832999
338.207999
288.334000
344.208000
267.333000
232.083001
261.334000
310.833999
300.625001
305.125001
297.250001
318.625000
242.667000
331.083002
339.084001
300.583000
319.207998
311.250000
322.791000
288.959000
243.625000
312.459000
305.500000
363.750001
345.041000
329.332999
327.417001
345.167000
368.749999
349.124999
337.125000
304.375000
362.584000
336.833000
270.749999
354.958000
373.625000
391.209000
357.250001
313.167000
375.584001
293.749999
362.541999
336.499999
355.166001
335.875000
339.082999
310.958001
341.542000
318.625000
338.665999
355.250000
294.500000
304.249999
345.582999
267.417001
400.708001
379.499999
361.499999
389.834000
360.374999
364.583000
377.417000
352.250001
304.458999
302.041999
393.708000
380.707999
410.625000
393.333001
348.666999
415.625002
398.624999
368.416000
264.208000
256.666000
385.625000
336.416999
324.291999
358.667001
388.958000
424.959000
407.083000
418.083000
324.875000
320.084000
313.375000
499.374999
404.042001
341.708001
425.458000
340.667000
468.041000
182.041000
333.541000
257.083000
508.750001
323.500000
280.124999
327.041998
308.582999
448.082999
432.667000
347.791000
228.666000
421.416999
385.959000
443.916000
424.374999
293.166999
321.292000
273.083000
269.292001
421.958999
422.749999
134.250000
466.083999
469.625000
360.624999
461.833000
444.166999
458.792001
307.417000
506.291999
454.707999
528.250001
483.209000
491.375000
490.208000
528.917000
523.541999
397.125001
443.209001
520.750000
486.250001
480.875000
389.167000
371.124999
373.667001
415.416001
380.458001
455.709000
446.167001
393.167000
407.583000
476.792000
483.792001
479.625000
476.667001
472.250000
420.832999
410.666999
411.584000
409.625000
449.958001
287.792000
493.750000
352.917001
427.249999
453.208000
403.417002
381.250000
505.082999
331.583000
439.291000
400.750001
500.374999
428.208001
447.999999
380.250000
489.709000
505.917000
380.291000
482.125000
411.208001
506.124999
409.082999
413.125001
532.083001
519.042000
429.500000
485.167000
441.917000
507.875000
458.875000
468.125001
405.583000
504.833999
518.958999
524.666999
476.625000
407.875001
495.458000
505.416001
454.375000
517.125000
461.750002
509.750000
498.125000
455.792000
470.125000
529.833000
475.667001
480.041001
410.458000
542.125001
539.625000
478.042000
530.584000
475.417000
531.125001
471.209001
434.916999
477.125001
552.750000
635.542001
433.375000
573.375000
509.916999
504.124999
485.667000
543.042001
570.624999
500.958000
466.708001
533.500001
534.999999
543.541999
489.749998
455.707999
395.916999
568.959000
565.000000
567.834000
494.750000
493.000000
423.333000
421.999999
569.875001
470.625000
493.375001
613.250000
444.916999
585.832999
574.000002
470.750001
464.625000
577.875000
477.000000
585.124999
540.457999
394.209001
450.457999
438.750001
432.542000
490.708999
451.124999
465.750001
486.125000
463.750001
554.332999
465.833000
461.708001
496.791999
495.625000
662.167000
480.541999
764.708000
556.042001
494.292000
513.167000
471.249999
536.667001
592.916000
603.958000
618.750000
531.584001
621.458999
604.166000
609.917000
630.625002
527.624999
543.750000
626.084000
446.917000
634.417000
513.749999
550.958001
457.208000
489.833001
511.499999
487.542000
505.833001
533.333001
497.000001
485.791999
477.374999
532.750000
519.249999
485.875000
665.542000
524.334000
506.208000
514.542000
526.042000
498.792000
527.665999
492.249999
418.209000
472.666001
470.041001
636.499999
515.375001
501.000000
537.291000
487.583000
502.041999
549.124999
484.958000
626.249999
682.625001
475.958999
522.540999
495.916000
513.916999
592.249999
521.583999
487.333000
441.624999
533.875000
486.707999
610.375000
496.375000
653.957999
522.208002
721.083001
490.040999
659.166000
498.834001
531.291000
492.334000
472.083000
516.541999
561.542000
512.458999
574.875001
500.458000
512.667000
515.582999
558.415999
699.000000
740.334001
508.207999
810.333000
576.041999
473.124999
617.542000
515.915999
524.999999
652.458000
486.708999
641.416998
627.667001
668.541999
563.167001
573.625000
539.708000
590.208001
566.167000
522.209000
554.374999
512.667000
694.165999
671.082998
620.417000
518.917001
729.500000
657.750001
706.917001
658.542001
677.666001
699.165999
568.250000
720.375001
604.708001
694.750001
710.833001
595.042000
594.666999
585.416001
591.000000
593.625000
575.084001
595.957999
585.541000
554.709000
587.084000
603.125000
598.959001
613.875000
587.209001
578.708001
704.624999
586.083001
573.957999
584.000001
617.459000
593.833000
574.333000
580.292000
623.500000
634.167001
601.875001
633.000001
599.584000
601.250000
686.459001
533.958999
620.957999
615.624998
601.124999
588.667001
626.375000
541.042000
625.125000
574.541999
554.750000
622.541000
562.666000
624.249999
619.667000
597.250000
629.875000
628.208001
623.291999
631.125000
608.165999
745.708001
609.666000
591.542001
654.375001
642.166000
645.917000
604.416000
625.540999
642.457999
661.665999
650.208000
617.041000
742.750000
601.583000
661.500000
591.833001
678.959001
676.291002
591.250000
714.917000
621.292000
655.791000
636.250001
631.833000
658.125000
630.790999
874.542000
656.208000
611.292000
670.333000
626.416000
623.958000
602.874999
677.124999
682.332999
598.916999
632.584000
645.416001
649.750000
681.791000
665.125001
583.083001
835.458999
834.749999
664.791001
677.832999
648.333000
802.332999
709.708000
753.542001
647.208999
659.083000
690.082999
661.583001
737.125001
641.332999
659.333000
586.375001
691.625000
688.583999
646.958000
622.834001
639.166001
670.292000
664.083000
690.916000
741.417001
701.041999
674.583000
690.416999
694.875001
646.334001
703.000000
644.250000
679.416999
672.124999
671.041000
730.166999
769.125001
699.208000
623.208000
699.167000
700.042001
695.166000
651.959001
689.458999
686.709001
672.917000
707.916999
709.000000
665.750002
669.417001
716.084000
756.250001
746.416999
705.791999
683.667000
706.249999
648.750000
682.292000
778.166999
772.875001
751.750002
687.207999
643.833000
681.625001
684.707999
817.667000
702.125000
717.125000
684.166000
688.833001
704.709000
731.624999
733.749999
696.375000
717.624998
736.625001
688.709000
667.166001
721.458000
714.083999
685.208999
749.999999
712.458001
747.583999
717.166000
740.750000
778.166999
649.500000
718.207999
702.459000
716.125000
750.207999
733.458999
711.209001
725.833999
752.874999
731.417000
733.666000
753.500000
750.625000
715.208000
739.333998
891.125001
716.459001
792.791001
777.334000
727.291001
756.416001
748.625000
735.583000
687.291000
761.375000
762.417001
765.208000
715.750000
715.500000
749.375000
725.958000
751.916999
737.417000
753.042001
774.665999
751.667001
753.165999
762.666999
788.792000
700.958999
772.959000
726.209000
808.875000
742.750000
750.167001
854.124999
670.875001
778.917001
770.250001
781.999999
942.458999
708.083000
785.124999
743.916000
826.333999
811.083000
789.541000
785.958999
790.000000
755.083001
749.040999
897.958000
761.665999
911.125000
772.375000
761.875001
805.208001
751.167001
987.125000
744.958001
905.916999
958.958000
1011.083001
803.334000
769.166001
819.625000
787.833000
763.124999
727.625000
743.875000
724.500000
831.792000
704.374999
811.083000
796.500000
798.084000
821.332998
819.250001
879.167001
717.958001
802.416998
753.582999
804.334000
810.583000
742.792001
800.000000
811.459000
813.208000
760.416000
821.959000
822.667000
802.959001
813.207998
764.832999
829.250001
815.250000
845.957999
806.292001
687.000000
717.916000
713.417001
833.833001
829.332999
801.958000
831.334000
859.875001
943.916999
824.041999
720.583001
744.125000
833.624999
840.875000
843.624999
831.042000
832.917000
825.833000
912.959000
831.833000
977.374999
819.667001
832.374999
914.417000
702.875001
821.833000
969.292001
793.916999
764.500001
869.291000
808.542000
826.292000
850.458000
792.749999
863.083000
958.291001
752.124999
842.333000
795.833001
970.375000
984.167000
763.374999
925.541000
845.750001
850.999999
955.041000
797.584000
899.875000
892.125001
894.208000
1115.208001
820.125000
861.541001
909.042001
936.167000
862.000001
847.125000
933.458001
778.291000
862.167000
921.958999
861.832999
974.000000
787.457999
859.500000
906.875001
743.542001
881.999998
809.042000
892.874999
868.583000
931.417000
900.125000
795.083000
919.000000
868.458001
896.708001
881.000000
773.874999
847.375000
848.625001
859.125001
919.417002
922.333000
1131.416999
847.208001
997.500001
855.334001
974.125000
925.875000
933.292000
823.875000
1017.582999
965.040999
1030.625001
904.459001
910.541999
1103.208000
900.959001
835.459001
937.541001
934.083000
897.791000
1000.958000
816.374999
846.500001
899.749999
1065.750001
910.959001
1140.291000
1032.000000
606.542000
