452.167000
19.708999
319.958000
18.250000
182.500000
27.375000
209.334000
46.042000
20.500000
10.625000
223.417000
54.250000
99.583001
15.667000
219.458000
22.250000
198.125001
42.333000
12.084000
52.584001
104.250000
19.665999
275.667000
19.625000
177.083000
12.167000
91.791000
12.542000
149.708000
12.125000
151.458000
58.042000
119.125000
13.250000
76.667000
13.708000
177.875000
16.333000
153.792000
17.000000
152.458000
39.583000
158.125001
12.000000
265.083000
18.125000
256.166000
12.042000
185.584000
17.249999
100.333001
219.582999
125.584000
283.792000
266.375000
380.500000
238.583000
235.582999
332.000001
299.000000
221.459000
280.667000
308.458000
138.584000
183.415999
233.375000
244.208000
357.499999
327.750000
388.417000
377.083000
449.916000
251.292000
390.916000
139.916000
216.667000
333.666000
337.625001
291.500000
322.166001
326.958000
421.208000
310.875001
268.500000
252.167000
390.959000
312.040999
255.250000
345.292000
335.917000
272.000000
255.000000
239.292001
265.166999
289.375000
232.458000
286.957999
304.542000
316.458000
170.958000
